2.993169357796426411e+01
1.490530801502885794e+01
9.883967335492846118e+00
7.365927791856035967e+00
5.849975763416510155e+00
4.835513512862483765e+00
4.107942857971614181e+00
3.559839435144456221e+00
3.131271909342207671e+00
2.786856052855863464e+00
2.503431954958926120e+00
2.265930593807413906e+00
2.063756701442958086e+00
1.889424055472548991e+00
1.737228227522309654e+00
1.603225712510192080e+00
1.484485217082028186e+00
1.377542368248560578e+00
1.281388470971199345e+00
1.194244835746282485e+00
1.114727537859149242e+00
1.043483986142259123e+00
9.746968203971635436e-01
9.126842270346975372e-01
8.550702196203665562e-01
8.014103750503478452e-01
7.513223613159676351e-01
7.042144360744554410e-01
6.599989157379793081e-01
6.183076367480075941e-01
5.788982205926725966e-01
5.413294297879792660e-01
5.061017177586044635e-01
4.723624935025722560e-01
4.401765397700889149e-01
4.102425654193711524e-01
3.830827787222919611e-01
3.583751724977173869e-01
3.358422694470269976e-01
